../workloads/medium/r0
../workloads/medium/r1
../workloads/medium/r2
../workloads/medium/r3
../workloads/medium/r4
../workloads/medium/r5
../workloads/medium/r6
../workloads/medium/r7
../workloads/medium/r8
Done
6 0|0.1=1.0&0.0>9854376|0.0
7 0 5|0.1=1.0&0.2=1.0&1.0=2.1&0.0<5405896|1.0 0.0 2.0
0 8 6|0.0=1.2&0.0=2.1&1.0<8467165|2.0 1.1 0.0
3 0 8|0.2=1.0&1.0=2.1&0.3<9381&2.3=7628|1.1 0.2
2 1|0.1=1.0&0.0=14947663|0.0 1.1
4 0 3|0.2=1.0&1.0=2.2&0.2<905893&2.2<307742|0.1
2 1|0.1=1.0&0.0<4327489|0.0 1.1
3 0 1 7|0.2=1.0&0.1=2.0&1.0=3.2&0.3<8341&3.0<9877975|2.1 0.0 1.0
6 0 8|0.1=1.0&1.0=2.2&0.0>16840045&2.3<8993|0.1 0.0 0.0
3 0|0.2=1.0&0.2>193348|1.0 1.1
2 1 4|0.1=1.0&1.0=2.1&2.1=1.0&0.1<8730471|2.0
7 7 0|0.1=1.2&1.2=2.0&1.0>11263845|0.2 2.0
8 0|0.1=1.0&0.2=741614|0.0 0.3
6 0 8|0.1=1.0&1.0=2.2&0.1>759079|2.0 0.0
0 6 3|0.0=1.1&0.0=2.2&1.1<579932&2.3>8100|2.1 0.1 0.1
5 1 3 0|0.2=1.0&1.0=2.1&2.2=3.0&0.0<6227353&2.3<8745|3.0 1.0
3 1 0|0.1=1.0&0.2=2.0&0.2>586487|1.1 1.0
5 1 3|0.2=1.0&1.0=2.1&2.1=1.0&0.0>8107151&2.0<15412794|0.1 1.1
6 0 3|0.1=1.0&1.0=2.2&1.0=0.1&0.1=274018&2.3>8540|2.3
2 1 3 0|0.1=1.0&1.0=2.1&2.2=3.0&0.1<9934260|2.3
0 8|0.0=1.2&1.2=833478|0.0 0.1
7 0|0.1=1.0&0.2=1.0&0.2<794389|0.0
6 0 8|0.1=1.0&1.0=2.1&0.0=11097167|2.2 0.1 0.1
3 1|0.1=1.0&1.0=0.1&0.1<375389|1.0 1.0
4 1|0.1=1.0&0.1<10201596|1.0 1.1
5 0|0.1=1.0&0.0<8589873|0.1
8 0 7|0.1=1.0&0.2=1.0&1.0=2.2&0.2<239914|2.0 0.0 2.0
6 0 8|0.1=1.0&1.0=2.1&0.1=879465&2.2>143142|2.2
7 0|0.2=1.0&0.1>483942|1.1 0.0
7 0 5|0.1=1.0&1.0=2.1&1.0=0.2&0.1>759309&2.1>607349|2.1
7 0|0.2=1.0&0.2=777482|1.1 1.0
1 3|0.0=1.1&1.1=0.0&1.3=7175|0.1 0.1
7 0 4|0.1=1.0&1.0=0.2&1.0=2.2&0.0=10350549&2.1=348213|1.1 2.1 0.1
1 5 0|0.0=1.2&1.1=2.0&1.2=4603582|2.0 2.1
0 8|0.0=1.1&1.1=0.0&1.1<328024|1.2 1.2
6 0 5 7|0.1=1.0&1.0=2.1&1.0=3.1&0.1=141152&2.2=10242743|0.1 2.2 2.1
3 1 2|0.1=1.0&1.0=0.1&1.0=2.1&0.0<4006423&2.1<9366850|2.0
0 5 7|0.0=1.1&0.0=2.2&0.0=2.1&1.1=178541|2.2 1.1
3 1 5 0|0.1=1.0&1.0=2.2&2.1=3.0&0.0=246419|0.3 3.0
6 0|0.1=1.0&1.0=0.1&0.1=1.0&0.1=542849|0.1 1.1 1.0
7 0 4|0.2=1.0&1.0=2.2&0.1<292095&2.1<7130706|2.1 0.1
2 1 3|0.1=1.0&1.0=2.1&0.1<8238054&2.0>16798122|2.0 1.1 0.1
5 0 6|0.1=1.0&1.0=2.1&0.1=221654&2.1<508649|0.0 1.0 0.1
1 3 5|0.0=1.1&0.0=2.2&1.1=3477286&2.1<441705|0.1 2.1 2.2
0 8|0.0=1.2&1.3>8687|0.1 1.0
1 2 3|0.0=1.1&0.0=2.1&1.1<10221521&2.2<137470|0.1 2.3 1.0
1 2|0.0=1.1&1.1=5719762|0.0 0.0 0.0
0 6 7|0.0=1.1&0.0=2.2&1.1<140964&2.1<532883|0.0 2.0 2.0
4 0|0.2=1.0&1.0=0.2&0.3<7038|1.0 0.0
F