../workloads/medium/r0
../workloads/medium/r1
../workloads/medium/r2
../workloads/medium/r3
../workloads/medium/r4
../workloads/medium/r5
../workloads/medium/r6
../workloads/medium/r7
../workloads/medium/r8
Done
6 0|0.1=1.0&0.0>9854376|0.0
7 0 5|0.1=1.0&0.2=1.0&1.0=2.1&0.0<5405896|1.0 0.0 2.0
0 8 6|0.0=1.2&0.0=2.1&1.0<8467165|2.0 1.1 0.0
3 0 8|0.2=1.0&1.0=2.1&0.3<9381&2.3=7628|1.1 0.2
2 1|0.1=1.0&0.0=14947663|0.0 1.1
4 0 3|0.2=1.0&1.0=2.2&0.2<905893&2.2<307742|0.1
2 1|0.1=1.0&0.0<4327489|0.0 1.1
3 0 1 7|0.2=1.0&0.1=2.0&1.0=3.2&0.3<8341&3.0<9877975|2.1 0.0 1.0
6 0 8|0.1=1.0&1.0=2.2&0.0>16840045&2.3<8993|0.1 0.0 0.0
3 0|0.2=1.0&0.2>193348|1.0 1.1
2 1 4|0.1=1.0&1.0=2.1&2.1=1.0&0.1<8730471|2.0
7 7 0|0.1=1.2&1.2=2.0&1.0>11263845|0.2 2.0
F
